
   2's complement
   
       -8 4 2 1
  	1 0 0 0     -8
	1 0 0 1     -7
	1 0 1 0     -6
	1 0 1 1     -5         0101       5
	1 1 0 0     -4       + 1011      (-5)
	1 1 0 1     -3       -------     ---- 
	1 1 1 0     -2       1 0000        0
	1 1 1 1     -1       ^  
	0 0 0 0      0       ignore
	0 0 0 1      1
	0 0 1 0      2
	0 0 1 1      3       how to get -5 from 5 using 2's complement 
	0 1 0 0      4     
	0 1 0 1      5           0101    ===   5
	0 1 1 0      6     >>        
	0 1 1 1      7   invert  1010    
	                       +    1
                               ------ 
                                 1011    ===> -5    		
